cmrs.b1_sq = 0.0002811985549;
cmis.b1_sq = 0.001408689547;
