cmrs.b1 = -0.0003242173183;
cmis.b1 = -0.004212995647;
