cmrs.b1_sq = 0.003534192396;
cmis.b1_sq = 0.0001990435392;
