cmrs.b1_sq = 0.01277095433;
cmis.b1_sq = -0.007814609859;
