cmrs.b1 = 0.002609924386;
cmis.b1 = 0.002692253927;
