cmrs.b1 = 0.0021055951;
cmis.b1 = 0.003405542931;
