cmrs.b1_sq = -0.002822056425;
cmis.b1_sq = -0.0003620449474;
